1.2605314 2.2610979 -2.5437620
1.2501144 2.2656214 -2.5449722
1.1875058 2.3047495 -2.5459116
1.1299897 2.3309999 -2.5417147
1.0918375 2.3486068 -2.5440187
1.0734624 2.3577247 -2.5442390
1.0663605 2.3627269 -2.5451939
1.0057522 2.3892384 -2.5404246
0.9516090 2.4140851 -2.5472116
0.8891113 2.4336834 -2.5461783
0.8839743 2.4355109 -2.5463448
0.8740137 2.4391379 -2.5465198
0.8530301 2.4431396 -2.5451269
0.8495059 2.4438705 -2.5447915
0.8350555 2.4479442 -2.5452693
0.8297503 2.4502382 -2.5457754
0.7985581 2.4640043 -2.5482366
0.7315032 2.4825370 -2.5343325
0.6627141 2.4967377 -2.5481584
0.6078895 2.5133302 -2.5490096
0.5564772 2.5297661 -2.5420027
0.5247362 2.5354419 -2.5515130
0.5140243 2.5379570 -2.5516722
0.4681072 2.5490699 -2.5525417
0.4548217 2.5521746 -2.5527525
0.3990181 2.5633252 -2.5531769
0.3830706 2.5661190 -2.5531940
0.3438209 2.5721676 -2.5530314
0.3135696 2.5778368 -2.5533214
0.2887916 2.5820479 -2.5531428
0.2657280 2.5882192 -2.5544252
0.2267410 2.5952883 -2.5551240
0.1950640 2.6025736 -2.5563288
0.1827644 2.6039746 -2.5561800
0.1705525 2.6053216 -2.5561206
0.1081662 2.6164370 -2.5574999
0.0417933 2.6194887 -2.5544281
0.0351768 2.6239097 -2.5468814
-0.0653498 2.6303418 -2.5550034
-0.0796352 2.6309221 -2.5548365
-0.0877775 2.6312485 -2.5547483
-0.1766775 2.6282024 -2.5518100
-0.1872113 2.6284914 -2.5519605
-0.2072070 2.6276708 -2.5516140
-0.2751526 2.6206036 -2.5429366
-0.3352663 2.6147363 -2.5474682
-0.3595866 2.6123631 -2.5493011
-0.4699303 2.6022000 -2.5475636
-0.5607855 2.5893300 -2.5479953
-0.5682121 2.5876791 -2.5478806
-0.5755146 2.5860486 -2.5477881
-0.6431948 2.5736876 -2.5485921
-0.6943914 2.5586941 -2.5473394
-0.7167456 2.5534878 -2.5475745
-0.8023993 2.5327826 -2.5489149
-0.8240683 2.5261776 -2.5488558
-0.8372071 2.5221450 -2.5488477
-0.9366214 2.4912312 -2.5495389
-0.9487596 2.4873919 -2.5497532
-0.9523484 2.4862480 -2.5498333
-0.9647167 2.4815853 -2.5497282
-0.9684346 2.4801855 -2.5496955
-0.9907053 2.4645920 -2.5491509
-1.0242273 2.4551828 -2.5478637
-1.0711957 2.4374723 -2.5482814
-1.0878687 2.4310365 -2.5484648
-1.1499782 2.4018860 -2.5474541
-1.1652161 2.3949726 -2.5474095
-1.2144996 2.3723094 -2.5473826
-1.2774911 2.3482060 -2.5430691
-1.2824141 2.3448901 -2.5452411
-1.2898420 2.3398855 -2.5485210
-1.2993910 2.3347094 -2.5487306
-1.3539695 2.3025434 -2.5474026
-1.3616290 2.2984684 -2.5474193
-1.4204699 2.2686155 -2.5421267
-1.4889842 2.2315099 -2.5493014
-1.5116634 2.2176774 -2.5492065
-1.5599207 2.1869967 -2.5487988
-1.5813525 2.1711464 -2.5484662
-1.6281304 2.1434612 -2.5486746
-1.6397597 2.1366365 -2.5488691
-1.6467921 2.1317513 -2.5487785
-1.6940545 2.1009314 -2.5488915
-1.7229548 2.0810764 -2.5487812
-1.7292167 2.0767038 -2.5487521
-1.7705566 2.0457859 -2.5498018
-1.7883329 2.0337927 -2.5480583
-1.8202090 2.0122869 -2.5449312
-1.8858585 1.9620095 -2.5496981
-1.8970321 1.9529533 -2.5498013
-1.9012890 1.9494950 -2.5498555
-1.9874179 1.8758945 -2.5472243
-2.0142591 1.8489195 -2.5510755
-2.0499439 1.8130579 -2.5561962
-2.0596044 1.8062776 -2.5521922
-2.1221845 1.7466773 -2.5545781
-2.1859803 1.6801621 -2.5485642
-2.2286797 1.6264826 -2.5550146
-2.2388294 1.6146069 -2.5551014
-2.2908568 1.5458791 -2.5516267
-2.3444538 1.4716709 -2.5529299
-2.3553989 1.4546026 -2.5524256
-2.3936574 1.3953146 -2.5511444
-2.3974411 1.3893619 -2.5510364
-2.4339535 1.3382490 -2.5518191
-2.4414725 1.3263476 -2.5517254
-2.4482694 1.3139355 -2.5512784
-2.4866025 1.2499903 -2.5469041
-2.5452712 1.1462374 -2.5503922
-2.5542033 1.1271781 -2.5497410
-2.5597186 1.1154344 -2.5493202
-2.5807827 1.0665203 -2.5474126
-2.5931900 1.0427990 -2.5381083
-2.5991590 1.0245107 -2.5463738
-2.6085751 1.0086662 -2.5474505
-2.6148353 0.9972401 -2.5479910
-2.6243184 0.9799426 -2.5488036
-2.6282959 0.9700342 -2.5483510
-2.6330659 0.9581522 -2.5478077
-2.6509914 0.8975772 -2.5414393
-2.6685424 0.8477143 -2.5428512
-2.6754994 0.8291114 -2.5428317
-2.6830230 0.8063331 -2.5421329
-2.6998942 0.7650926 -2.5429962
-2.7106104 0.7151388 -2.5438788
-2.7282505 0.6885054 -2.5450990
-2.7572470 0.5970313 -2.5403521
-2.7581220 0.5904813 -2.5424721
-2.7593772 0.5810878 -2.5455139
-2.7619016 0.5706438 -2.5455031
-2.7750449 0.5064706 -2.5446851
-2.7771792 0.4974501 -2.5447767
-2.7968075 0.4250952 -2.5410295
-2.8118367 0.3560574 -2.5485325
-2.8148508 0.3386714 -2.5486095
-2.8199136 0.3025253 -2.5483239
-2.8265662 0.2765520 -2.5498145
-2.8316338 0.2403294 -2.5499511
-2.8353982 0.2266599 -2.5514312
-2.8395483 0.1867941 -2.5507259
-2.8449626 0.1532402 -2.5516818
-2.8459682 0.1436486 -2.5517380
-2.8486359 0.0993160 -2.5510623
-2.8514919 0.0714039 -2.5514572
-2.8521581 0.0624007 -2.5514636
-2.8532369 0.0384887 -2.5513535
-2.8610110 -0.0344890 -2.5534549
-2.8618491 -0.0603101 -2.5534744
-2.8613570 -0.1321227 -2.5527761
-2.8616364 -0.1418712 -2.5528977
-2.8621571 -0.2117630 -2.5534449
-2.8623586 -0.2195198 -2.5536067
-2.8600895 -0.2678906 -2.5533009
-2.8594558 -0.2969210 -2.5534410
-2.8590486 -0.3122400 -2.5536592
-2.8569884 -0.3372000 -2.5534348
-2.8532970 -0.4168155 -2.5546606
-2.8449111 -0.4748884 -2.5537317
-2.8386130 -0.5216980 -2.5535457
-2.8332238 -0.5638594 -2.5537431
-2.8312709 -0.5790110 -2.5538485
-2.8278730 -0.5946780 -2.5534248
-2.8266420 -0.6003357 -2.5532746
-2.8044724 -0.6905043 -2.5504847
-2.8028710 -0.6976965 -2.5503702
-2.8003223 -0.7091380 -2.5502095
-2.7782655 -0.7930474 -2.5483642
-2.7746625 -0.8052396 -2.5480187
-2.7544308 -0.8758554 -2.5454383
-2.7296965 -0.9560739 -2.5424762
-2.7143674 -0.9969041 -2.5433388
-2.7046127 -1.0228907 -2.5438893
-2.6845732 -1.0780430 -2.5421166
-2.6762846 -1.0910038 -2.5500324
-2.6712751 -1.1128670 -2.5416119
-2.6571693 -1.1503026 -2.5413733
-2.6510367 -1.1640842 -2.5410306
-2.6299863 -1.2151741 -2.5406477
-2.6164663 -1.2446159 -2.5401356
-2.6094389 -1.2597381 -2.5399082
-2.6061954 -1.2667071 -2.5398173
-2.5939958 -1.2927202 -2.5395207
-2.5900626 -1.3014417 -2.5395000
-2.5828907 -1.3173236 -2.5394807
-2.5785050 -1.3257251 -2.5392928
-2.5746377 -1.3331200 -2.5391502
-2.5488610 -1.3835875 -2.5385704
-2.5448489 -1.3912121 -2.5384824
-2.5406022 -1.3992747 -2.5383995
-2.5193748 -1.4385420 -2.5379770
-2.5087626 -1.4540073 -2.5432253
-2.5038221 -1.4672502 -2.5378263
-2.4838812 -1.5042266 -2.5379214
-2.4762604 -1.5167850 -2.5377657
-2.4723904 -1.5231477 -2.5377040
-2.4338992 -1.5885228 -2.5379143
-2.4235849 -1.6051964 -2.5379379
-2.4155412 -1.6181872 -2.5379765
-2.3899751 -1.6576984 -2.5379515
-2.3834593 -1.6679239 -2.5380039
-2.3718100 -1.6861922 -2.5381179
-2.3665307 -1.6937695 -2.5380492
-2.3618197 -1.7005292 -2.5379908
-2.3394988 -1.7329406 -2.5378277
-2.3320374 -1.7437717 -2.5377784
-2.3173969 -1.7638652 -2.5374968
-2.3123782 -1.7713006 -2.5374861
-2.2904339 -1.8020478 -2.5371518
-2.2820568 -1.8127459 -2.5368586
-2.2543197 -1.8502699 -2.5361404
-2.2404544 -1.8715018 -2.5297225
-2.1749725 -1.9535660 -2.5259500
-2.1580040 -1.9709786 -2.5327179
-2.1104903 -2.0263245 -2.5311847
-2.0802534 -2.0614083 -2.5305347
-2.0688431 -2.0774033 -2.5217257
-2.0347257 -2.1090488 -2.5294731
-2.0132637 -2.1289556 -2.5343473
-2.0073013 -2.1385055 -2.5207083
-1.9802879 -2.1609340 -2.5280120
-1.9314787 -2.2076941 -2.5205271
-1.9095668 -2.2268536 -2.5204213
-1.8703357 -2.2611821 -2.5200343
-1.8133187 -2.3087816 -2.5204217
-1.7567844 -2.3517249 -2.5204864
-1.7348483 -2.3658960 -2.5255620
-1.7262030 -2.3737564 -2.5202358
-1.7110919 -2.3833613 -2.5198390
-1.6817929 -2.4016192 -2.5259848
-1.6669567 -2.4138901 -2.5202973
-1.6508304 -2.4228914 -2.5267248
-1.6236345 -2.4431021 -2.5209906
-1.5969090 -2.4568677 -2.5277514
-1.5354210 -2.4950354 -2.5206311
-1.5267130 -2.4978793 -2.5285580
-1.5175658 -2.5063789 -2.5208547
-1.4916739 -2.5196655 -2.5295327
-1.4358864 -2.5491204 -2.5293484
-1.4245160 -2.5535765 -2.5334129
-1.4249729 -2.5574899 -2.5213568
-1.4162581 -2.5591762 -2.5289962
-1.4014510 -2.5692170 -2.5210762
-1.3845092 -2.5747383 -2.5286267
-1.3242720 -2.6066012 -2.5214221
-1.3081489 -2.6128106 -2.5264633
-1.2976854 -2.6197152 -2.5218484
-1.2830071 -2.6224930 -2.5343227
-1.2623270 -2.6355524 -2.5218637
-1.2521181 -2.6385868 -2.5257843
-1.2373644 -2.6462729 -2.5217068
-1.2275070 -2.6504622 -2.5216727
-1.2199967 -2.6533217 -2.5215151
-1.1494490 -2.6826823 -2.5218468
-1.1044766 -2.7003214 -2.5220995
-1.0962980 -2.7037594 -2.5221870
-1.0889051 -2.7065165 -2.5222077
-1.0788784 -2.7103646 -2.5222292
-1.0485159 -2.7214153 -2.5221336
-0.9893172 -2.7422731 -2.5247674
-0.9706989 -2.7498751 -2.5226777
-0.9378809 -2.7599776 -2.5226920
-0.8722404 -2.7794323 -2.5243273
-0.8540059 -2.7849698 -2.5243869
-0.8464661 -2.7872603 -2.5244193
-0.8412794 -2.7885327 -2.5243542
-0.7944753 -2.8010523 -2.5243378
-0.7409530 -2.8163984 -2.5228286
-0.7272194 -2.8199518 -2.5229204
-0.7099141 -2.8234286 -2.5246844
-0.6395867 -2.8375602 -2.5318525
-0.5648094 -2.8555388 -2.5252376
-0.5079964 -2.8679519 -2.5234387
-0.4965166 -2.8699195 -2.5234399
-0.4301824 -2.8821793 -2.5236564
-0.4046992 -2.8869569 -2.5238190
-0.3892342 -2.8886313 -2.5238047
-0.3675606 -2.8876829 -2.5313356
-0.3548192 -2.8918619 -2.5236418
-0.3433090 -2.8895776 -2.5321972
-0.3317686 -2.8948874 -2.5239713
-0.2800744 -2.8954024 -2.5340385
-0.2640033 -2.8969274 -2.5346248
-0.2072057 -2.9022310 -2.5369251
-0.2002368 -2.9024127 -2.5370486
-0.1877128 -2.9027345 -2.5372803
-0.0994861 -2.9054232 -2.5358112
-0.0505405 -2.9041665 -2.5399613
-0.0214870 -2.9034212 -2.5424254
0.0586071 -2.9024074 -2.5415585
0.0746442 -2.9024689 -2.5421534
0.1213187 -2.8998439 -2.5425391
0.1773512 -2.8984690 -2.5422459
0.1905961 -2.8977182 -2.5396526
0.2021940 -2.8970509 -2.5373800
0.2906137 -2.8815131 -2.5344052
0.3353396 -2.8707218 -2.5420821
0.3857034 -2.8585694 -2.5507255
0.3975728 -2.8593597 -2.5427721
0.4187223 -2.8575125 -2.5437469
0.4328087 -2.8554494 -2.5441799
0.5140868 -2.8430436 -2.5477366
0.5232781 -2.8408010 -2.5479848
0.5397279 -2.8369281 -2.5481882
0.5490021 -2.8341799 -2.5480351
0.5659708 -2.8291991 -2.5476718
0.6126035 -2.8129010 -2.5459588
0.6177970 -2.8111644 -2.5456266
0.6304768 -2.8036137 -2.5508015
0.6480603 -2.8032622 -2.5461605
0.6894984 -2.7946911 -2.5483284
0.6948148 -2.7930605 -2.5483255
0.7042161 -2.7901843 -2.5483062
0.7090192 -2.7884583 -2.5481358
0.7186317 -2.7849746 -2.5478442
0.7690911 -2.7595627 -2.5432277
0.8071774 -2.7422934 -2.5423739
0.8210324 -2.7402432 -2.5406506
0.8601319 -2.7344553 -2.5357852
0.9246423 -2.7045853 -2.5431194
0.9403676 -2.6945488 -2.5408208
0.9753091 -2.6797266 -2.5403798
0.9909657 -2.6757758 -2.5421293
1.0346195 -2.6581888 -2.5374444
1.0476360 -2.6499982 -2.5415635
1.0744194 -2.6458752 -2.5402219
1.0911803 -2.6330581 -2.5435741
1.1004800 -2.6351957 -2.5375285
1.1112112 -2.6258724 -2.5451696
1.1398780 -2.6219671 -2.5395453
1.1817918 -2.5865805 -2.5425651
1.2117558 -2.5710342 -2.5411143
1.2308563 -2.5655434 -2.5425496
1.2581179 -2.5486197 -2.5438681
1.2718139 -2.5462787 -2.5399280
1.2826257 -2.5376530 -2.5459263
1.3160065 -2.5227804 -2.5486436
1.3301647 -2.5142300 -2.5485156
1.3384724 -2.5091712 -2.5484860
1.3663163 -2.4824655 -2.5433207
1.3733326 -2.4778609 -2.5396485
1.4035304 -2.4653141 -2.5385017
1.4103719 -2.4600723 -2.5428565
1.4240664 -2.4584336 -2.5408607
1.4353702 -2.4535670 -2.5420880
1.4424748 -2.4494300 -2.5411329
1.5294760 -2.3927698 -2.5435386
1.5470059 -2.3684819 -2.5405478
1.5856105 -2.3349195 -2.5436993
1.6060663 -2.3199539 -2.5456381
1.6218174 -2.3130331 -2.5489705
1.6350331 -2.3022587 -2.5490878
1.7108667 -2.2481480 -2.5555866
1.7176001 -2.2425144 -2.5557835
1.7217389 -2.2390716 -2.5558870
1.7693834 -2.1931252 -2.5544169
1.7767804 -2.1864500 -2.5537672
1.7933097 -2.1631331 -2.5600326
1.8142726 -2.1538026 -2.5562568
1.8548018 -2.1218345 -2.5616274
1.8921467 -2.0832160 -2.5617936
1.9098312 -2.0656307 -2.5626609
1.9670095 -2.0003202 -2.5620487
1.9746068 -1.9873101 -2.5654895
2.0325465 -1.9299474 -2.5675280
2.0779493 -1.8629110 -2.5631826
2.0945261 -1.8406974 -2.5633135
2.1082110 -1.8222828 -2.5635233
2.1514978 -1.7604487 -2.5637202
2.1667373 -1.7366033 -2.5633941
2.2016256 -1.6845655 -2.5643618
2.2105134 -1.6703000 -2.5644398
2.2455916 -1.6182221 -2.5668890
2.2550197 -1.6026753 -2.5672464
2.2641139 -1.5864593 -2.5666831
2.2969706 -1.5259000 -2.5553229
2.2991104 -1.5119634 -2.5625441
2.3432400 -1.4265828 -2.5618000
2.3505418 -1.4108498 -2.5614460
2.3789897 -1.3651764 -2.5659165
2.3903491 -1.3298364 -2.5613525
2.3988490 -1.3062980 -2.5597503
2.4119172 -1.2809221 -2.5609097
2.4272928 -1.2548794 -2.5633633
2.4342999 -1.2376508 -2.5626469
2.4590604 -1.1624458 -2.5579748
2.4623094 -1.1540412 -2.5578191
2.4860454 -1.0750690 -2.5474517
2.5032969 -1.0110549 -2.5503685
2.5139914 -0.9713714 -2.5521767
2.5556185 -0.8661967 -2.5533276
2.5584719 -0.8566649 -2.5534480
2.5608902 -0.8471860 -2.5532110
2.5732026 -0.7859889 -2.5506988
2.5753706 -0.7772195 -2.5505958
2.5901086 -0.7071385 -2.5489614
2.6147494 -0.6360568 -2.5529547
2.6197548 -0.6114582 -2.5517957
2.6179690 -0.5697792 -2.5475862
2.6300452 -0.5116532 -2.5478146
2.6319818 -0.4985035 -2.5475273
2.6469941 -0.4166651 -2.5487771
2.6532223 -0.4018869 -2.5420048
2.6577883 -0.3311419 -2.5493357
2.6639662 -0.2737030 -2.5498922
2.6763861 -0.1778178 -2.5545399
2.6768339 -0.1662204 -2.5544596
2.6773002 -0.1534894 -2.5544093
2.6765797 -0.0914534 -2.5533037
2.6767862 -0.0829365 -2.5534377
2.6770868 -0.0703401 -2.5536408
2.6703229 0.0183377 -2.5512507
2.6690400 0.0428322 -2.5513985
2.6679676 0.0630202 -2.5515356
2.6620514 0.1471216 -2.5522573
2.6530137 0.2061357 -2.5511551
2.6516614 0.2145856 -2.5511007
2.6501832 0.2294668 -2.5515406
2.6457367 0.2517514 -2.5506837
2.6384504 0.3005748 -2.5509033
2.6359258 0.3123512 -2.5505788
2.6229434 0.3578186 -2.5482490
2.6129534 0.3797156 -2.5550101
2.6119120 0.4049014 -2.5477371
2.5945835 0.4920507 -2.5496902
2.5872388 0.5166355 -2.5493400
2.5649683 0.5957263 -2.5496335
2.5612669 0.6077555 -2.5496433
2.5596950 0.6128679 -2.5496466
2.5384974 0.6721883 -2.5486076
2.5358326 0.6807408 -2.5486820
2.5326464 0.6892811 -2.5485363
2.5203624 0.7154700 -2.5471492
2.5107868 0.7393686 -2.5462773
2.5074618 0.7490610 -2.5464051
2.4982183 0.7755473 -2.5469921
2.4953647 0.7928623 -2.5424516
2.4714744 0.8569633 -2.5499527
2.4423561 0.9308879 -2.5311897
2.4064903 0.9936523 -2.5478237
2.3701432 1.0645601 -2.5467153
2.3673797 1.0705684 -2.5467761
2.3642874 1.0764598 -2.5466981
2.3242390 1.1493516 -2.5358253
2.3010898 1.1860465 -2.5441546
2.2775040 1.2234341 -2.5526395
2.2755780 1.2328495 -2.5439527
2.2501521 1.2769281 -2.5428739
2.2318003 1.3105322 -2.5416894
2.2060893 1.3555392 -2.5438390
2.1813107 1.4087282 -2.5404117
2.1444588 1.4695504 -2.5482671
2.1195655 1.4996138 -2.5458117
2.1066246 1.5091028 -2.5517020
2.0888274 1.5410212 -2.5446849
2.0538690 1.5918965 -2.5447545
2.0459940 1.6018429 -2.5445156
1.9978926 1.6630137 -2.5438292
1.9924592 1.6697811 -2.5438023
1.9223492 1.7517073 -2.5432994
1.9177812 1.7572788 -2.5434380
1.9129722 1.7624725 -2.5433724
1.9081949 1.7676160 -2.5433276
1.8081348 1.8713683 -2.5364466
1.7431028 1.9346372 -2.5445957
1.6969609 1.9736171 -2.5446596
1.6247399 2.0287082 -2.5443351
1.6033399 2.0395815 -2.5523212
1.5979522 2.0491874 -2.5447199
1.5806968 2.0613408 -2.5445614
1.5369316 2.0919485 -2.5444484
1.5076487 2.1150393 -2.5409760
1.4210079 2.1700857 -2.5448270
1.4152930 2.1736772 -2.5448151
1.3855320 2.1904871 -2.5442824
1.3335392 2.2224660 -2.5449948
1.2605314 2.2610979 -2.5437620
1.2605314 2.2610979 -2.5437620
