1.2117014 2.2885189 -2.3922994
1.2012844 2.2930424 -2.3935096
1.1386758 2.3321705 -2.3944490
1.0811597 2.3584208 -2.3902521
1.0430075 2.3760278 -2.3925562
1.0246323 2.3851457 -2.3927765
1.0175304 2.3901479 -2.3937314
0.9569222 2.4166594 -2.3889620
0.9027790 2.4415061 -2.3957491
0.8402813 2.4611044 -2.3947158
0.8351442 2.4629319 -2.3948822
0.8251836 2.4665589 -2.3950572
0.8042001 2.4705606 -2.3936644
0.8006759 2.4712915 -2.3933289
0.7862255 2.4753652 -2.3938067
0.7809203 2.4776592 -2.3943129
0.7497281 2.4914253 -2.3967741
0.6826732 2.5099580 -2.3828700
0.6138841 2.5241587 -2.3966959
0.5590595 2.5407512 -2.3975470
0.5076472 2.5571871 -2.3905401
0.4759062 2.5628629 -2.4000504
0.4651943 2.5653780 -2.4002097
0.4192772 2.5764909 -2.4010792
0.4059917 2.5795956 -2.4012899
0.3501881 2.5907462 -2.4017143
0.3342406 2.5935400 -2.4017315
0.2949909 2.5995886 -2.4015689
0.2647396 2.6052577 -2.4018588
0.2399616 2.6094689 -2.4016802
0.2168980 2.6156402 -2.4029627
0.1779109 2.6227093 -2.4036615
0.1462340 2.6299946 -2.4048662
0.1339343 2.6313956 -2.4047174
0.1217225 2.6327426 -2.4046581
0.0593361 2.6438580 -2.4060373
-0.0070367 2.6469097 -2.4029655
-0.0136532 2.6513307 -2.3954189
-0.1141799 2.6577628 -2.4035408
-0.1284652 2.6583431 -2.4033740
-0.1366075 2.6586695 -2.4032857
-0.2255075 2.6556234 -2.4003475
-0.2360413 2.6559124 -2.4004979
-0.2560370 2.6550918 -2.4001515
-0.3239827 2.6480246 -2.3914740
-0.3840963 2.6421573 -2.3960056
-0.4084167 2.6397841 -2.3978386
-0.5187603 2.6296210 -2.3961010
-0.6096155 2.6167510 -2.3965328
-0.6170421 2.6151001 -2.3964181
-0.6243446 2.6134696 -2.3963256
-0.6920248 2.6011086 -2.3971295
-0.7432215 2.5861151 -2.3958769
-0.7655756 2.5809088 -2.3961120
-0.8512293 2.5602036 -2.3974524
-0.8728983 2.5535986 -2.3973932
-0.8860371 2.5495660 -2.3973851
-0.9854515 2.5186522 -2.3980763
-0.9975896 2.5148129 -2.3982906
-1.0011785 2.5136690 -2.3983707
-1.0135468 2.5090063 -2.3982656
-1.0172646 2.5076065 -2.3982329
-1.0395354 2.4920130 -2.3976884
-1.0730573 2.4826038 -2.3964012
-1.1200258 2.4648933 -2.3968189
-1.1366987 2.4584575 -2.3970022
-1.1988082 2.4293070 -2.3959916
-1.2140461 2.4223936 -2.3959470
-1.2633296 2.3997304 -2.3959200
-1.3263211 2.3756270 -2.3916066
-1.3312441 2.3723111 -2.3937786
-1.3386720 2.3673065 -2.3970585
-1.3482211 2.3621304 -2.3972681
-1.4027995 2.3299644 -2.3959401
-1.4104590 2.3258893 -2.3959568
-1.4692999 2.2960365 -2.3906641
-1.5378143 2.2589309 -2.3978388
-1.5604935 2.2450984 -2.3977439
-1.6087507 2.2144177 -2.3973362
-1.6301825 2.1985674 -2.3970037
-1.6769605 2.1708822 -2.3972120
-1.6885897 2.1640575 -2.3974066
-1.6956221 2.1591723 -2.3973160
-1.7428845 2.1283524 -2.3974290
-1.7717848 2.1084974 -2.3973186
-1.7780467 2.1041248 -2.3972895
-1.8193866 2.0732069 -2.3983393
-1.8371630 2.0612137 -2.3965957
-1.8690391 2.0397079 -2.3934686
-1.9346886 1.9894305 -2.3982356
-1.9458622 1.9803743 -2.3983388
-1.9501190 1.9769160 -2.3983929
-2.0362480 1.9033155 -2.3957617
-2.0630891 1.8763405 -2.3996129
-2.0987740 1.8404789 -2.4047337
-2.1084344 1.8336986 -2.4007297
-2.1710145 1.7740983 -2.4031155
-2.2348104 1.7075831 -2.3971016
-2.2775097 1.6539036 -2.4035521
-2.2876594 1.6420279 -2.4036388
-2.3396869 1.5733001 -2.4001641
-2.3932838 1.4990919 -2.4014673
-2.4042289 1.4820236 -2.4009631
-2.4424875 1.4227356 -2.3996818
-2.4462712 1.4167829 -2.3995738
-2.4827836 1.3656700 -2.4003565
-2.4903026 1.3537686 -2.4002628
-2.4970994 1.3413565 -2.3998158
-2.5354326 1.2774113 -2.3954415
-2.5941012 1.1736584 -2.3989296
-2.6030333 1.1545991 -2.3982785
-2.6085486 1.1428554 -2.3978577
-2.6296127 1.0939413 -2.3959501
-2.6420200 1.0702200 -2.3866458
-2.6479890 1.0519317 -2.3949113
-2.6574051 1.0360872 -2.3959880
-2.6636653 1.0246611 -2.3965285
-2.6731484 1.0073637 -2.3973410
-2.6771259 0.9974552 -2.3968885
-2.6818960 0.9855732 -2.3963451
-2.6998215 0.9249982 -2.3899767
-2.7173724 0.8751353 -2.3913887
-2.7243295 0.8565324 -2.3913691
-2.7318530 0.8337541 -2.3906703
-2.7487242 0.7925136 -2.3915336
-2.7594404 0.7425598 -2.3924162
-2.7770805 0.7159263 -2.3936365
-2.8060770 0.6244523 -2.3888896
-2.8069520 0.6179023 -2.3910096
-2.8082073 0.6085088 -2.3940513
-2.8107316 0.5980648 -2.3940406
-2.8238750 0.5338916 -2.3932226
-2.8260093 0.5248711 -2.3933141
-2.8456376 0.4525162 -2.3895669
-2.8606668 0.3834784 -2.3970699
-2.8636808 0.3660924 -2.3971469
-2.8687437 0.3299463 -2.3968613
-2.8753963 0.3039730 -2.3983519
-2.8804638 0.2677504 -2.3984885
-2.8842282 0.2540809 -2.3999686
-2.8883784 0.2142151 -2.3992634
-2.8937926 0.1806612 -2.4002192
-2.8947983 0.1710696 -2.4002755
-2.8974659 0.1267370 -2.3995998
-2.9003220 0.0988249 -2.3999946
-2.9009881 0.0898217 -2.4000010
-2.9020669 0.0659097 -2.3998909
-2.9098411 -0.0070680 -2.4019923
-2.9106791 -0.0328891 -2.4020119
-2.9101870 -0.1047017 -2.4013135
-2.9104664 -0.1144502 -2.4014351
-2.9109871 -0.1843420 -2.4019823
-2.9111886 -0.1920988 -2.4021442
-2.9089196 -0.2404696 -2.4018383
-2.9082859 -0.2695000 -2.4019785
-2.9078786 -0.2848190 -2.4021966
-2.9058185 -0.3097790 -2.4019723
-2.9021270 -0.3893945 -2.4031980
-2.8937411 -0.4474674 -2.4022691
-2.8874431 -0.4942770 -2.4020832
-2.8820539 -0.5364384 -2.4022806
-2.8801010 -0.5515900 -2.4023860
-2.8767030 -0.5672570 -2.4019623
-2.8754721 -0.5729147 -2.4018121
-2.8533025 -0.6630833 -2.3990221
-2.8517010 -0.6702755 -2.3989077
-2.8491523 -0.6817170 -2.3987470
-2.8270955 -0.7656264 -2.3969016
-2.8234925 -0.7778186 -2.3965561
-2.8032608 -0.8484344 -2.3939757
-2.7785265 -0.9286529 -2.3910136
-2.7631974 -0.9694831 -2.3918762
-2.7534428 -0.9954697 -2.3924267
-2.7334032 -1.0506220 -2.3906541
-2.7251146 -1.0635828 -2.3985698
-2.7201052 -1.0854460 -2.3901494
-2.7059994 -1.1228817 -2.3899107
-2.6998668 -1.1366632 -2.3895681
-2.6788163 -1.1877531 -2.3891852
-2.6652963 -1.2171949 -2.3886731
-2.6582689 -1.2323171 -2.3884456
-2.6550255 -1.2392861 -2.3883548
-2.6428258 -1.2652992 -2.3880582
-2.6388927 -1.2740207 -2.3880374
-2.6317208 -1.2899026 -2.3880181
-2.6273351 -1.2983041 -2.3878303
-2.6234677 -1.3056990 -2.3876877
-2.5976911 -1.3561665 -2.3871078
-2.5936790 -1.3637911 -2.3870199
-2.5894322 -1.3718537 -2.3869369
-2.5682049 -1.4111210 -2.3865144
-2.5575926 -1.4265863 -2.3917627
-2.5526521 -1.4398292 -2.3863637
-2.5327113 -1.4768056 -2.3864589
-2.5250905 -1.4893640 -2.3863032
-2.5212204 -1.4957267 -2.3862414
-2.4827292 -1.5611018 -2.3864517
-2.4724150 -1.5777754 -2.3864753
-2.4643712 -1.5907662 -2.3865139
-2.4388051 -1.6302774 -2.3864889
-2.4322894 -1.6405029 -2.3865414
-2.4206400 -1.6587712 -2.3866553
-2.4153607 -1.6663485 -2.3865867
-2.4106498 -1.6731082 -2.3865283
-2.3883288 -1.7055196 -2.3863652
-2.3808675 -1.7163507 -2.3863158
-2.3662269 -1.7364442 -2.3860343
-2.3612082 -1.7438796 -2.3860235
-2.3392639 -1.7746269 -2.3856893
-2.3308868 -1.7853249 -2.3853960
-2.3031497 -1.8228489 -2.3846779
-2.2892845 -1.8440808 -2.3782599
-2.2238026 -1.9261450 -2.3744874
-2.2068341 -1.9435576 -2.3812554
-2.1593204 -1.9989036 -2.3797221
-2.1290834 -2.0339873 -2.3790722
-2.1176732 -2.0499823 -2.3702631
-2.0835557 -2.0816278 -2.3780105
-2.0620937 -2.1015346 -2.3828847
-2.0561314 -2.1110845 -2.3692458
-2.0291181 -2.1335130 -2.3765495
-1.9803088 -2.1802731 -2.3690646
-1.9583968 -2.1994326 -2.3689587
-1.9191657 -2.2337611 -2.3685718
-1.8621488 -2.2813606 -2.3689592
-1.8056145 -2.3243039 -2.3690238
-1.7836783 -2.3384750 -2.3740995
-1.7750330 -2.3463354 -2.3687732
-1.7599219 -2.3559403 -2.3683765
-1.7306229 -2.3741982 -2.3745222
-1.7157867 -2.3864691 -2.3688347
-1.6996604 -2.3954704 -2.3752623
-1.6724645 -2.4156811 -2.3695281
-1.6457391 -2.4294467 -2.3762889
-1.5842510 -2.4676144 -2.3691685
-1.5755430 -2.4704583 -2.3770955
-1.5663959 -2.4789579 -2.3693922
-1.5405040 -2.4922445 -2.3780701
-1.4847164 -2.5216994 -2.3778858
-1.4733460 -2.5261555 -2.3819504
-1.4738029 -2.5300689 -2.3698943
-1.4650881 -2.5317552 -2.3775337
-1.4502810 -2.5417960 -2.3696136
-1.4333392 -2.5473173 -2.3771641
-1.3731021 -2.5791802 -2.3699596
-1.3569789 -2.5853896 -2.3750007
-1.3465154 -2.5922942 -2.3703859
-1.3318372 -2.5950720 -2.3828602
-1.3111570 -2.6081314 -2.3704011
-1.3009481 -2.6111658 -2.3743217
-1.2861944 -2.6188519 -2.3702443
-1.2763370 -2.6230412 -2.3702102
-1.2688267 -2.6259007 -2.3700526
-1.1982790 -2.6552613 -2.3703842
-1.1533066 -2.6729004 -2.3706369
-1.1451280 -2.6763384 -2.3707244
-1.1377351 -2.6790955 -2.3707452
-1.1277084 -2.6829436 -2.3707666
-1.0973459 -2.6939943 -2.3706710
-1.0381472 -2.7148521 -2.3733048
-1.0195289 -2.7224541 -2.3712151
-0.9867109 -2.7325566 -2.3712294
-0.9210705 -2.7520113 -2.3728647
-0.9028360 -2.7575488 -2.3729243
-0.8952961 -2.7598393 -2.3729568
-0.8901094 -2.7611117 -2.3728917
-0.8433053 -2.7736313 -2.3728752
-0.7897831 -2.7889774 -2.3713660
-0.7760494 -2.7925308 -2.3714578
-0.7587441 -2.7960076 -2.3732219
-0.6884168 -2.8101392 -2.3803899
-0.6136394 -2.8281178 -2.3737750
-0.5568265 -2.8405309 -2.3719761
-0.5453466 -2.8424985 -2.3719773
-0.4790124 -2.8547583 -2.3721938
-0.4535293 -2.8595359 -2.3723564
-0.4380642 -2.8612103 -2.3723421
-0.4163907 -2.8602619 -2.3798730
-0.4036492 -2.8644409 -2.3721793
-0.3921391 -2.8621566 -2.3807347
-0.3805986 -2.8674664 -2.3725088
-0.3289044 -2.8679814 -2.3825760
-0.3128334 -2.8695064 -2.3831623
-0.2560357 -2.8748100 -2.3854625
-0.2490668 -2.8749917 -2.3855860
-0.2365428 -2.8753135 -2.3858178
-0.1483162 -2.8780022 -2.3843486
-0.0993705 -2.8767455 -2.3884988
-0.0703170 -2.8760002 -2.3909628
0.0097770 -2.8749864 -2.3900959
0.0258141 -2.8750479 -2.3906908
0.0724887 -2.8724229 -2.3910766
0.1285212 -2.8710480 -2.3907833
0.1417660 -2.8702972 -2.3881900
0.1533639 -2.8696299 -2.3859174
0.2417836 -2.8540921 -2.3829427
0.2865096 -2.8433008 -2.3906195
0.3368734 -2.8311484 -2.3992629
0.3487428 -2.8319387 -2.3913095
0.3698922 -2.8300915 -2.3922844
0.3839787 -2.8280284 -2.3927174
0.4652568 -2.8156226 -2.3962741
0.4744480 -2.8133800 -2.3965223
0.4908979 -2.8095071 -2.3967257
0.5001720 -2.8067589 -2.3965726
0.5171408 -2.8017781 -2.3962092
0.5637735 -2.7854800 -2.3944962
0.5689669 -2.7837434 -2.3941641
0.5816468 -2.7761927 -2.3993390
0.5992303 -2.7758412 -2.3946979
0.6406683 -2.7672701 -2.3968658
0.6459848 -2.7656395 -2.3968630
0.6553861 -2.7627633 -2.3968437
0.6601892 -2.7610373 -2.3966732
0.6698017 -2.7575536 -2.3963816
0.7202610 -2.7321417 -2.3917651
0.7583473 -2.7148724 -2.3909113
0.7722024 -2.7128222 -2.3891881
0.8113018 -2.7070343 -2.3843226
0.8758122 -2.6771643 -2.3916569
0.8915376 -2.6671278 -2.3893583
0.9264790 -2.6523056 -2.3889172
0.9421357 -2.6483548 -2.3906667
0.9857894 -2.6307678 -2.3859818
0.9988059 -2.6225772 -2.3901010
1.0255893 -2.6184542 -2.3887594
1.0423503 -2.6056371 -2.3921115
1.0516499 -2.6077747 -2.3860660
1.0623811 -2.5984514 -2.3937070
1.0910480 -2.5945461 -2.3880827
1.1329618 -2.5591595 -2.3911026
1.1629257 -2.5436132 -2.3896518
1.1820263 -2.5381224 -2.3910871
1.2092879 -2.5211987 -2.3924055
1.2229838 -2.5188577 -2.3884654
1.2337956 -2.5102320 -2.3944638
1.2671765 -2.4953594 -2.3971810
1.2813346 -2.4868090 -2.3970530
1.2896423 -2.4817502 -2.3970234
1.3174863 -2.4550445 -2.3918581
1.3245026 -2.4504399 -2.3881860
1.3547003 -2.4378932 -2.3870392
1.3615419 -2.4326513 -2.3913939
1.3752364 -2.4310126 -2.3893981
1.3865402 -2.4261460 -2.3906255
1.3936448 -2.4220090 -2.3896704
1.4806460 -2.3653488 -2.3920760
1.4981759 -2.3410609 -2.3890853
1.5367805 -2.3074985 -2.3922367
1.5572363 -2.2925329 -2.3941755
1.5729873 -2.2856121 -2.3975079
1.5862031 -2.2748377 -2.3976252
1.6620367 -2.2207270 -2.4041240
1.6687701 -2.2150934 -2.4043210
1.6729089 -2.2116506 -2.4044244
1.7205534 -2.1657043 -2.4029543
1.7279503 -2.1590290 -2.4023046
1.7444797 -2.1357121 -2.4085701
1.7654426 -2.1263816 -2.4047942
1.8059717 -2.0944135 -2.4101648
1.8433167 -2.0557950 -2.4103310
1.8610011 -2.0382097 -2.4111984
1.9181795 -1.9728993 -2.4105861
1.9257767 -1.9598891 -2.4140270
1.9837165 -1.9025264 -2.4160655
2.0291193 -1.8354900 -2.4117200
2.0456960 -1.8132764 -2.4118509
2.0593810 -1.7948618 -2.4120607
2.1026678 -1.7330277 -2.4122577
2.1179073 -1.7091823 -2.4119315
2.1527956 -1.6571445 -2.4128993
2.1616833 -1.6428790 -2.4129772
2.1967616 -1.5908011 -2.4154265
2.2061896 -1.5752543 -2.4157839
2.2152839 -1.5590383 -2.4152205
2.2481406 -1.4984790 -2.4038603
2.2502804 -1.4845424 -2.4110816
2.2944100 -1.3991618 -2.4103374
2.3017118 -1.3834288 -2.4099834
2.3301597 -1.3377554 -2.4144540
2.3415191 -1.3024154 -2.4098899
2.3500190 -1.2788770 -2.4082878
2.3630872 -1.2535011 -2.4094472
2.3784628 -1.2274584 -2.4119008
2.3854699 -1.2102298 -2.4111843
2.4102304 -1.1350248 -2.4065123
2.4134793 -1.1266202 -2.4063566
2.4372153 -1.0476480 -2.3959892
2.4544668 -0.9836338 -2.3989060
2.4651613 -0.9439504 -2.4007142
2.5067885 -0.8387757 -2.4018650
2.5096419 -0.8292439 -2.4019854
2.5120602 -0.8197650 -2.4017484
2.5243726 -0.7585679 -2.3992362
2.5265405 -0.7497985 -2.3991332
2.5412786 -0.6797175 -2.3974988
2.5659194 -0.6086358 -2.4014921
2.5709248 -0.5840372 -2.4003332
2.5691390 -0.5423582 -2.3961236
2.5812151 -0.4842322 -2.3963521
2.5831518 -0.4710825 -2.3960648
2.5981641 -0.3892441 -2.3973145
2.6043923 -0.3744659 -2.3905423
2.6089582 -0.3037209 -2.3978732
2.6151361 -0.2462820 -2.3984296
2.6275561 -0.1503968 -2.4030774
2.6280038 -0.1387994 -2.4029970
2.6284702 -0.1260684 -2.4029467
2.6277497 -0.0640324 -2.4018412
2.6279562 -0.0555155 -2.4019752
2.6282568 -0.0429191 -2.4021783
2.6214929 0.0457587 -2.3997881
2.6202099 0.0702532 -2.3999360
2.6191375 0.0904412 -2.4000731
2.6132214 0.1745426 -2.4007947
2.6041837 0.2335567 -2.3996925
2.6028314 0.2420066 -2.3996382
2.6013532 0.2568878 -2.4000781
2.5969067 0.2791724 -2.3992212
2.5896204 0.3279958 -2.3994408
2.5870957 0.3397722 -2.3991163
2.5741134 0.3852396 -2.3967865
2.5641234 0.4071366 -2.4035475
2.5630820 0.4323224 -2.3962746
2.5457535 0.5194716 -2.3982277
2.5384088 0.5440565 -2.3978775
2.5161383 0.6231472 -2.3981709
2.5124369 0.6351765 -2.3981807
2.5108650 0.6402889 -2.3981841
2.4896674 0.6996093 -2.3971450
2.4870026 0.7081618 -2.3972194
2.4838164 0.7167021 -2.3970737
2.4715323 0.7428910 -2.3956866
2.4619567 0.7667896 -2.3948147
2.4586318 0.7764820 -2.3949425
2.4493883 0.8029683 -2.3955295
2.4465346 0.8202833 -2.3909891
2.4226444 0.8843843 -2.3984902
2.3935261 0.9583089 -2.3797271
2.3576603 1.0210733 -2.3963611
2.3213131 1.0919811 -2.3952527
2.3185496 1.0979894 -2.3953135
2.3154573 1.1038808 -2.3952355
2.2754090 1.1767726 -2.3843627
2.2522597 1.2134675 -2.3926921
2.2286739 1.2508551 -2.4011769
2.2267480 1.2602705 -2.3924901
2.2013221 1.3043491 -2.3914113
2.1829703 1.3379532 -2.3902268
2.1572592 1.3829602 -2.3923764
2.1324806 1.4361492 -2.3889492
2.0956287 1.4969714 -2.3968046
2.0707355 1.5270348 -2.3943491
2.0577946 1.5365238 -2.4002395
2.0399973 1.5684422 -2.3932223
2.0050390 1.6193175 -2.3932920
1.9971641 1.6292639 -2.3930531
1.9490626 1.6904347 -2.3923666
1.9436291 1.6972021 -2.3923397
1.8735192 1.7791283 -2.3918369
1.8689512 1.7846998 -2.3919754
1.8641422 1.7898935 -2.3919098
1.8593649 1.7950370 -2.3918650
1.7593048 1.8987893 -2.3849840
1.6942728 1.9620582 -2.3931332
1.6481309 2.0010381 -2.3931971
1.5759099 2.0561292 -2.3928726
1.5545099 2.0670025 -2.4008586
1.5491222 2.0766084 -2.3932574
1.5318668 2.0887618 -2.3930988
1.4881016 2.1193695 -2.3929858
1.4588187 2.1424603 -2.3895135
1.3721778 2.1975067 -2.3933644
1.3664629 2.2010982 -2.3933525
1.3367020 2.2179081 -2.3928199
1.2847092 2.2498870 -2.3935323
1.2117014 2.2885189 -2.3922994
1.2117014 2.2885189 -2.3922994
