-0.6115691 2.4330525 -0.5979815
-0.6123289 2.4332137 -0.5982412
-0.6324468 2.4365594 -0.6049468
-0.6687176 2.4435282 -0.6136637
-0.7037646 2.4474759 -0.6305747
-0.7189085 2.4495866 -0.6363136
-0.7370848 2.4514351 -0.6430938
-0.7706668 2.4547768 -0.6558924
-0.7822862 2.4563046 -0.6605234
-0.8085872 2.4582341 -0.6705382
-0.8430130 2.4608514 -0.6836767
-0.8479500 2.4612007 -0.6855442
-0.8650486 2.4616976 -0.6917741
-0.9259539 2.4636989 -0.7133049
-0.9466122 2.4632180 -0.7201045
-0.9652067 2.4627907 -0.7261992
-1.0057760 2.4613314 -0.7392955
-1.0382150 2.4602902 -0.7492011
-1.0763994 2.4570065 -0.7614548
-1.1182182 2.4535346 -0.7742619
-1.1324637 2.4521654 -0.7785665
-1.1453974 2.4509201 -0.7824863
-1.1810056 2.4452655 -0.7927655
-1.1932521 2.4429750 -0.7962101
-1.2038003 2.4410024 -0.7991749
-1.2131704 2.4390857 -0.8017734
-1.2245327 2.4367616 -0.8049235
-1.2697223 2.4266224 -0.8177785
-1.2830253 2.4204326 -0.8293679
-1.3322175 2.4083583 -0.8330904
-1.3835663 2.3957565 -0.8369777
-1.4002874 2.3873298 -0.8498180
-1.4406970 2.3726728 -0.8592548
-1.4827569 2.3588543 -0.8692830
-1.5024456 2.3511529 -0.8737663
-1.5292070 2.3401706 -0.8797541
-1.5647081 2.3243916 -0.8874514
-1.5784756 2.3184071 -0.8904184
-1.6101441 2.3042209 -0.8971152
-1.6312633 2.2964621 -0.8946572
-1.6721004 2.2733481 -0.9095949
-1.7226653 2.2459383 -0.9192572
-1.7398593 2.2365236 -0.9225001
-1.7511711 2.2297702 -0.9245442
-1.7598766 2.2245121 -0.9261025
-1.7996702 2.2004888 -0.9334576
-1.8212373 2.1857316 -0.9428855
-1.8394079 2.1756721 -0.9403736
-1.8678751 2.1572847 -0.9449528
-1.8752797 2.1524615 -0.9461693
-1.8789524 2.1498251 -0.9467384
-1.9086014 2.1285341 -0.9513742
-1.9197532 2.1207016 -0.9531406
-1.9380981 2.1078265 -0.9560224
-1.9589866 2.0923555 -0.9591852
-1.9936954 2.0661466 -0.9643247
-2.0167959 2.0511692 -0.9593237
-2.0578642 2.0161235 -0.9733979
-2.0600426 2.0144227 -0.9736958
-2.0625851 2.0121856 -0.9740056
-2.1121576 1.9702240 -0.9754824
-2.1907027 1.8988836 -0.9820604
-2.1954536 1.8918372 -0.9893881
-2.2122095 1.8752407 -0.9910801
-2.2521341 1.8358376 -0.9950991
-2.2711625 1.8153323 -0.9967780
-2.2955792 1.7884567 -0.9988691
-2.3038490 1.7793586 -0.9995691
-2.3082936 1.7747999 -0.9999903
-2.3214512 1.7613264 -1.0011808
-2.3389666 1.7420328 -1.0025767
-2.3599162 1.7174119 -1.0040685
-2.3968041 1.6716139 -1.0054903
-2.4313025 1.6239350 -1.0076792
-2.4399748 1.6115400 -1.0079936
-2.4607759 1.5824510 -1.0088236
-2.4837255 1.5493879 -1.0096604
-2.4964569 1.5344174 -1.0006841
-2.5046306 1.5187520 -1.0104017
-2.5336838 1.4740771 -1.0113164
-2.5697820 1.4159172 -1.0129085
-2.6147590 1.3338487 -1.0169567
-2.6508312 1.2574663 -1.0114037
-2.6604960 1.2361047 -1.0109029
-2.6702549 1.2145593 -1.0103475
-2.6914458 1.1683855 -1.0061368
-2.7049270 1.1285425 -1.0069780
-2.7154932 1.1010792 -1.0057182
-2.7284966 1.0651302 -1.0038667
-2.7393539 1.0321865 -1.0019208
-2.7590539 0.9786562 -0.9965243
-2.7763588 0.9191040 -0.9951754
-2.7808490 0.9029019 -0.9941134
-2.7981107 0.8354471 -0.9939209
-2.8109500 0.7858108 -0.9901969
-2.8203299 0.7352991 -0.9911367
-2.8368330 0.6605870 -0.9755422
-2.8505692 0.5870534 -0.9651628
-2.8559704 0.5607007 -0.9610476
-2.8604438 0.5318208 -0.9559534
-2.8699856 0.4794836 -0.9464339
-2.8748972 0.4229632 -0.9354872
-2.8760550 0.4134254 -0.9336410
-2.8778887 0.4025668 -0.9314089
-2.8876164 0.3445676 -0.9265253
-2.8931346 0.3033080 -0.9100103
-2.8979449 0.2453115 -0.8976452
-2.9021363 0.1927810 -0.8846934
-2.9059927 0.1424193 -0.8726295
-2.9081008 0.1119801 -0.8652553
-2.9092383 0.0681937 -0.8543612
-2.9096649 0.0482165 -0.8494153
-2.9101806 0.0125995 -0.8406504
-2.9105141 -0.0330791 -0.8294930
-2.9101274 -0.0714062 -0.8198647
-2.9089541 -0.0969910 -0.8132238
-2.9058371 -0.1610306 -0.7966564
-2.9044600 -0.1862745 -0.7902222
-2.9038436 -0.1974482 -0.7874120
-2.9037058 -0.2000967 -0.7867482
-2.9031243 -0.2111285 -0.7840331
-2.8991323 -0.2535529 -0.7735227
-2.8951163 -0.2956785 -0.7635496
-2.8933752 -0.3118578 -0.7598420
-2.8843262 -0.3686570 -0.7471480
-2.8822031 -0.3803138 -0.7446203
-2.8812430 -0.3855709 -0.7434936
-2.8810027 -0.3871312 -0.7431660
-2.8775268 -0.4095995 -0.7385272
-2.8754499 -0.4224835 -0.7358919
-2.8688362 -0.4528892 -0.7295534
-2.8660324 -0.4692152 -0.7182719
-2.8619909 -0.4839811 -0.7232030
-2.8527169 -0.5227862 -0.7153249
-2.8389328 -0.5706267 -0.7054144
-2.8298113 -0.6008223 -0.6990817
-2.8089652 -0.6586730 -0.6864012
-2.8036494 -0.6717607 -0.6834239
-2.7878261 -0.7054652 -0.6758438
-2.7733035 -0.7358902 -0.6693794
-2.7668858 -0.7473415 -0.6668722
-2.7416096 -0.7900296 -0.6574969
-2.7378154 -0.7964378 -0.6560872
-2.7317770 -0.8052832 -0.6540328
-2.7031660 -0.8471994 -0.6439707
-2.6916449 -0.8636258 -0.6397611
-2.6733940 -0.8881783 -0.6329721
-2.6524246 -0.9164307 -0.6244887
-2.6390383 -0.9324442 -0.6190322
-2.6210022 -0.9527652 -0.6114976
-2.5953615 -0.9803558 -0.5999929
-2.5719295 -1.0059568 -0.5883808
-2.5656645 -1.0127941 -0.5851415
-2.5308471 -1.0474586 -0.5673059
-2.5090995 -1.0680577 -0.5559880
-2.5013239 -1.0767238 -0.5514656
-2.4912424 -1.0844742 -0.5466489
-2.4805269 -1.0966135 -0.5402145
-2.4654622 -1.1112423 -0.5319655
-2.4528673 -1.1207228 -0.5259941
-2.4432883 -1.1265280 -0.5218204
-2.4360337 -1.1309201 -0.5186071
-2.4277718 -1.1376741 -0.5144702
-2.3934021 -1.1662045 -0.5049489
-2.3567786 -1.1936017 -0.4804091
-2.3517706 -1.1973667 -0.4781524
-2.3368099 -1.2098353 -0.4711864
-2.3357222 -1.2107437 -0.4706768
-2.3143747 -1.2255307 -0.4612415
-2.3126183 -1.2267475 -0.4604603
-2.3091855 -1.2292453 -0.4589035
-2.2856035 -1.2465192 -0.4488579
-2.2728426 -1.2558656 -0.4516183
-2.2560432 -1.2659833 -0.4357693
-2.2248740 -1.2851354 -0.4216006
-2.2067311 -1.2961984 -0.4138680
-2.1582274 -1.3262068 -0.3935820
-2.1483319 -1.3322109 -0.3895630
-2.1221640 -1.3463500 -0.3796172
-2.0810575 -1.3688395 -0.3648270
-2.0543885 -1.3835812 -0.3559652
-2.0157025 -1.4040636 -0.3445916
-2.0019774 -1.4113430 -0.3410030
-1.9956176 -1.4148179 -0.3394037
-1.9585356 -1.4349933 -0.3244812
-1.9227784 -1.4541057 -0.3244478
-1.9012077 -1.4654123 -0.3209502
-1.8948463 -1.4685695 -0.3199967
-1.8862762 -1.4728229 -0.3187415
-1.8638779 -1.4841614 -0.3155968
-1.8382210 -1.4973183 -0.3121539
-1.8300045 -1.5015056 -0.3110704
-1.7792584 -1.5260199 -0.3088600
-1.7576038 -1.5363587 -0.3010044
-1.7265016 -1.5512062 -0.2897159
-1.7023464 -1.5626305 -0.2826381
-1.6302577 -1.5961289 -0.2753367
-1.6075948 -1.6065911 -0.2751082
-1.5519623 -1.6324341 -0.2654675
-1.5412997 -1.6372677 -0.2636623
-1.4810958 -1.6646024 -0.2538069
-1.4644444 -1.6721808 -0.2480739
-1.3801653 -1.7097986 -0.2322650
-1.2977383 -1.7462797 -0.2249428
-1.2420512 -1.7710154 -0.2105567
-1.2105809 -1.7850643 -0.2209940
-1.1802489 -1.7984171 -0.2064844
-1.1618201 -1.8063951 -0.2115611
-1.1446685 -1.8138052 -0.2100703
-1.1231178 -1.8231250 -0.2122429
-1.1112901 -1.8279837 -0.2124356
-1.1017728 -1.8317742 -0.2125589
-1.0860523 -1.8375916 -0.2141237
-1.0660063 -1.8452760 -0.2048597
-1.0374155 -1.8556330 -0.2026104
-1.0243925 -1.8606410 -0.2018578
-0.9953608 -1.8709592 -0.2004279
-0.9792559 -1.8766890 -0.1997522
-0.9658565 -1.8817060 -0.1992441
-0.9362467 -1.8933170 -0.2073746
-0.9212784 -1.8972672 -0.1986239
-0.8933424 -1.9058557 -0.1980004
-0.8856467 -1.9082434 -0.1980388
-0.8796556 -1.9100118 -0.1980975
-0.8531531 -1.9178580 -0.1986021
-0.8285260 -1.9249772 -0.1994920
-0.7632663 -1.9420210 -0.1994525
-0.7124778 -1.9554120 -0.2103942
-0.6891766 -1.9615571 -0.2154156
-0.6269839 -1.9761173 -0.2222451
-0.5928470 -1.9842422 -0.2281307
-0.5791848 -1.9877195 -0.2305390
-0.5451248 -1.9958004 -0.2367999
-0.5400033 -1.9970160 -0.2377553
-0.5344874 -1.9983566 -0.2387919
-0.5134027 -2.0034809 -0.2427784
-0.4716743 -2.0118918 -0.2513087
-0.4311545 -2.0201185 -0.2603083
-0.4032989 -2.0260859 -0.2668183
-0.3794045 -2.0312006 -0.2725886
-0.3316221 -2.0397155 -0.2824614
-0.2784125 -2.0500462 -0.2982292
-0.2447961 -2.0562894 -0.3069251
-0.2176209 -2.0610800 -0.3139547
-0.1788974 -2.0676498 -0.3242300
-0.1575024 -2.0708025 -0.3300507
-0.1169008 -2.0760429 -0.3413287
-0.0754595 -2.0814130 -0.3530423
-0.0572425 -2.0835185 -0.3582585
-0.0005895 -2.0852845 -0.3747235
0.0090873 -2.0862653 -0.3775020
0.0223051 -2.0869367 -0.3813390
0.0361289 -2.0873575 -0.3853402
0.0663109 -2.0892291 -0.3938186
0.0875862 -2.0903871 -0.3997838
0.0939479 -2.0902371 -0.4016361
0.0949666 -2.0902152 -0.4019353
0.1065579 -2.0905178 -0.4051987
0.1596938 -2.0891619 -0.4207082
0.1712148 -2.0885999 -0.4240931
0.2112519 -2.0852535 -0.4360154
0.2324187 -2.0837712 -0.4421719
0.2684105 -2.0799866 -0.4526756
0.2954959 -2.0784819 -0.4601756
0.3181064 -2.0756271 -0.4665280
0.3750429 -2.0660129 -0.4821891
0.4066131 -2.0612218 -0.4903057
0.4393352 -2.0562136 -0.4983887
0.4886065 -2.0454559 -0.5107238
0.5315091 -2.0349514 -0.5118379
0.5534971 -2.0318344 -0.5261763
0.6124577 -2.0185678 -0.5398592
0.6403649 -2.0120060 -0.5463544
0.6698843 -2.0045192 -0.5533805
0.7066162 -1.9929951 -0.5626926
0.7324529 -1.9851733 -0.5691878
0.7665152 -1.9745133 -0.5778459
0.7857974 -1.9669712 -0.5830445
0.8399962 -1.9472085 -0.5971386
0.8456845 -1.9446914 -0.5986754
0.8579825 -1.9392457 -0.6019537
0.8801621 -1.9318300 -0.6074778
0.8955714 -1.9281064 -0.6149809
0.9159097 -1.9170461 -0.6164947
0.9451350 -1.9051644 -0.6236377
0.9707462 -1.8945334 -0.6296899
1.0103242 -1.8749779 -0.6390533
1.0349165 -1.8632708 -0.6444559
1.0578403 -1.8523430 -0.6493170
1.1500677 -1.8018949 -0.6701567
1.2257372 -1.7560655 -0.6806232
1.2423621 -1.7429062 -0.6837063
1.2493236 -1.7373887 -0.6848906
1.3222147 -1.6894678 -0.6959342
1.3752687 -1.6469300 -0.7003806
1.4001546 -1.6269493 -0.7027029
1.4195558 -1.6102291 -0.7044781
1.4481573 -1.5850397 -0.7068923
1.5007188 -1.5405598 -0.7084482
1.5357828 -1.5085226 -0.7125645
1.5589197 -1.4816602 -0.7145311
1.5862526 -1.4534590 -0.7157825
1.5907567 -1.4478670 -0.7161633
1.6177088 -1.4213455 -0.7169177
1.6335897 -1.4025298 -0.7175448
1.6429635 -1.3896791 -0.7179415
1.6449548 -1.3869476 -0.7180254
1.6606574 -1.3695519 -0.7183590
1.6767921 -1.3499253 -0.7186502
1.7015952 -1.3179429 -0.7185187
1.7254605 -1.2786714 -0.7194586
1.7277479 -1.2749084 -0.7194972
1.7402700 -1.2562793 -0.7195592
1.7576028 -1.2264242 -0.7196870
1.7779782 -1.1891403 -0.7195881
1.7935610 -1.1604122 -0.7192134
1.8072947 -1.1291584 -0.7186398
1.8240952 -1.0957007 -0.7175972
1.8266511 -1.0906112 -0.7174082
1.8306713 -1.0826911 -0.7170838
1.8577309 -1.0287716 -0.7056626
1.8621092 -1.0183401 -0.7133558
1.8818917 -0.9735836 -0.7095552
1.8835472 -0.9698395 -0.7091886
1.8965609 -0.9354753 -0.7056556
1.8975471 -0.9328750 -0.7053621
1.8996279 -0.9281698 -0.7048278
1.9046916 -0.9167225 -0.7033627
1.9145945 -0.8880587 -0.7002348
1.9197159 -0.8671659 -0.6979039
1.9212911 -0.8622396 -0.6973295
1.9353886 -0.8181326 -0.6920407
1.9427108 -0.7963431 -0.6894056
1.9483517 -0.7760235 -0.6870999
1.9618946 -0.7294529 -0.6820268
1.9778689 -0.6796313 -0.6766410
1.9806341 -0.6704649 -0.6670800
1.9941467 -0.6224787 -0.6599393
2.0054765 -0.5722828 -0.6594524
2.0170889 -0.5166017 -0.6516815
2.0280492 -0.4664094 -0.6344355
2.0349743 -0.4345050 -0.6289399
2.0379312 -0.4208783 -0.6265935
2.0462120 -0.3713374 -0.6112269
2.0546327 -0.3022088 -0.5943139
2.0566976 -0.2770237 -0.5890003
2.0587358 -0.2539605 -0.5843464
2.0606921 -0.2352559 -0.5806557
2.0652194 -0.1608068 -0.5701013
2.0677819 -0.0937935 -0.5503472
2.0669973 -0.0386834 -0.5435822
2.0656834 0.0341840 -0.5251290
2.0648685 0.1086194 -0.5036516
2.0629308 0.1406985 -0.4959069
2.0640211 0.1938068 -0.4844541
2.0554893 0.2435000 -0.4711623
2.0516183 0.2616560 -0.4660035
2.0476568 0.2801364 -0.4608452
2.0363359 0.3355672 -0.4457410
2.0318918 0.3594767 -0.4395020
2.0249839 0.3860850 -0.4322171
2.0107522 0.4353727 -0.4212480
1.9944896 0.4957260 -0.4043644
1.9915589 0.5068831 -0.4018594
1.9874965 0.5185777 -0.3988575
1.9690236 0.5760608 -0.3853262
1.9582260 0.6065300 -0.3784529
1.9498472 0.6246904 -0.3737819
1.9350910 0.6601632 -0.3657598
1.9174485 0.6949654 -0.3575232
1.9032288 0.7236311 -0.3514187
1.8881667 0.7506759 -0.3443858
1.8699976 0.7857991 -0.3394115
1.8667285 0.7921839 -0.3384180
1.8602301 0.8029792 -0.3364924
1.8376106 0.8401900 -0.3304755
1.8272902 0.8573112 -0.3280178
1.8099498 0.8816338 -0.3240103
1.7917744 0.9095473 -0.3203173
1.7803857 0.9251643 -0.3178791
1.7585220 0.9533827 -0.3152573
1.7453970 0.9713516 -0.3079734
1.7328949 0.9900494 -0.3012886
1.7178109 1.0086802 -0.3048963
1.6981443 1.0342331 -0.3007896
1.6777509 1.0642033 -0.2963237
1.6720895 1.0710412 -0.2949764
1.6216758 1.1328303 -0.2808306
1.5621368 1.1988825 -0.2771896
1.5615195 1.2047904 -0.2682878
1.5489959 1.2173504 -0.2650814
1.4968405 1.2749674 -0.2512308
1.4820787 1.2906860 -0.2475197
1.4542633 1.3238106 -0.2410753
1.4308183 1.3483849 -0.2355934
1.4128269 1.3693664 -0.2314911
1.3886112 1.3924011 -0.2253056
1.3673615 1.4090117 -0.2196293
1.3470455 1.4283423 -0.2145229
1.3129455 1.4585516 -0.2060668
1.3016622 1.4692106 -0.2034927
1.2899699 1.4803133 -0.2005986
1.2621762 1.5107876 -0.1948408
1.2363141 1.5328226 -0.1895700
1.2197909 1.5515623 -0.1875410
1.1908175 1.5821285 -0.1612408
1.1696347 1.5753253 -0.2150587
1.1472017 1.5940118 -0.2116551
1.1374114 1.6240339 -0.1591677
1.1022425 1.6429318 -0.1718232
1.0603582 1.6740867 -0.1682808
1.0394919 1.6873960 -0.1666938
1.0156510 1.7083961 -0.1659138
0.9934834 1.7245058 -0.1652220
0.9712701 1.7404710 -0.1649967
0.9367676 1.7637991 -0.1652881
0.8924352 1.7947931 -0.1679549
0.8588275 1.8162407 -0.1712826
0.8298893 1.8342651 -0.1753602
0.7826642 1.8640921 -0.1845503
0.7578889 1.8769817 -0.1892510
0.7238789 1.8964049 -0.1972289
0.6767417 1.9226905 -0.2091637
0.6256241 1.9509847 -0.2226832
0.6019950 1.9628724 -0.2284586
0.5909019 1.9690148 -0.2314256
0.5189759 2.0220857 -0.2115447
0.4761413 2.0262783 -0.2638653
0.4535503 2.0378337 -0.2709853
0.4307208 2.0494783 -0.2783062
0.4052224 2.0616102 -0.2862944
0.3592066 2.0848689 -0.3013737
0.3302991 2.0986421 -0.3105820
0.2923508 2.1163471 -0.3225396
0.2627613 2.1304579 -0.3322367
0.2284568 2.1486630 -0.3445160
0.1984136 2.1581759 -0.3527663
0.1680835 2.1713564 -0.3626988
0.1004200 2.2076106 -0.3629641
0.0368652 2.2286596 -0.4058107
-0.0057700 2.2448537 -0.4110212
-0.0507725 2.2624063 -0.4320134
-0.0673578 2.2688472 -0.4369247
-0.1039807 2.2813170 -0.4471546
-0.1391733 2.2976992 -0.4583063
-0.1563925 2.3045044 -0.4634322
-0.2111580 2.3283412 -0.4808822
-0.2489780 2.3400896 -0.4915503
-0.2763705 2.3485372 -0.4994483
-0.2956953 2.3575978 -0.4978975
-0.3113828 2.3616855 -0.5038899
-0.3686556 2.3762486 -0.5213924
-0.3907191 2.3811748 -0.5314717
-0.4176059 2.3871779 -0.5437549
-0.4625624 2.4002259 -0.5524285
-0.4789739 2.4048955 -0.5574335
-0.4942142 2.4078555 -0.5615674
-0.5395655 2.4182925 -0.5751306
-0.5687990 2.4238167 -0.5838828
-0.6115691 2.4330525 -0.5979815
-0.6115691 2.4330525 -0.5979815
